 Minimal siphons 
6 12 15 16 17 18 19 20 21
5 16
4 12 15 17 19 20
9 18
3 15
2 12 19
11 17
7 8 9 10 11 12 13
4 10 20
3 4 15
2 3 4 12 19
2 3 4 12 17 19
3 4 12 15 19
3 4 12 15 17 19
3 4 5 15
2 3 4 5 12 19
2 3 4 5 12 17 19
3 4 5 12 15 19
3 4 5 12 15 17 19
6 10 16 18 20 21
6 8 21
1 2 3 4 5 6 14
 Minimal traps 
2 8 15 16 17 18 19 20 21
3 15
4 8 16 18 20 21
11 17
5 16
6 8 21
9 18
7 8 9 10 11 12 13
4 10 20
4 5 16
4 5 9 16 18
4 5 6 8 21
4 5 6 8 18 21
4 5 8 16 21
4 5 8 16 18 21
4 5 8 9 16 18
3 4 5 16
3 4 5 9 16 18
3 4 5 6 8 21
3 4 5 6 8 18 21
3 4 5 8 16 21
3 4 5 8 16 18 21
3 4 5 8 9 16 18
2 10 15 17 19 20
2 12 19
2 3 15
1 2 3 4 5 6 14
2 11 12 19
2 10 11 12 19
2 10 11 12 15 19
2 9 10 11 12 19
2 9 10 11 12 15 19
 Analysis time: 0.414s